0: [94, 53, 69, 76, 14, 49, 75, 66, 6]
1: [27, 45, 50, 93, 4, 31, 58, 86]
2: [85, 5, 21, 92, 74]
3: [62, 24, 13, 49, 14, 82]
4: [5, 59, 88, 49, 13, 51, 55, 73, 91]
5: [29, 86, 12]
6: [35, 8, 67]
7: [54, 37, 49]
8: [90, 93, 81, 72, 9]
9: [65, 1, 17, 64, 24, 51, 33, 57, 83]
10: [59, 69, 51, 53, 33, 52]
11: [33, 86, 3, 89]
12: [23, 91, 17, 87, 81]
13: [3, 20, 28, 95, 73, 88]
14: [60, 27, 57, 89, 86, 78]
15: [2, 45, 74, 72, 36, 47, 22, 54, 1, 52]
16: [30, 96, 58, 89]
17: [34, 24, 53]
18: [23, 67, 81, 63, 94, 87, 99]
19: [59, 69, 81, 72, 53, 85, 74, 77, 52, 48]
20: [52, 17, 49, 23, 7, 74, 71, 82, 31]
21: [30, 72, 74, 4, 2, 46]
22: [35, 2]
23: [39, 37, 85]
24: [94]
25: [94, 92, 42, 50, 22, 59, 56]
26: [14, 35, 99, 21, 42, 88, 96, 50, 29, 87]
27: [77, 82, 67, 3, 86, 49, 98, 51, 75]
28: [80, 33, 41, 55, 85]
29: [5, 9, 99, 52, 26, 64]
30: [19, 48, 44, 70, 71, 3, 86, 68, 49]
31: [46, 98, 79, 1, 48, 85, 6]
32: [59, 43, 86, 1, 6, 9, 25, 77, 61]
33: [89, 75, 43, 56, 86]
34: [30, 46, 3, 2, 42, 57]
35: [71, 1, 10, 51, 53, 17, 59, 3, 13]
36: [5, 10, 6, 31, 58, 32, 24, 95, 29]
37: [20, 80, 10, 73, 25, 39, 92, 6, 12, 61]
38: [91, 28, 53]
39: [95, 11, 80, 57]
40: [69]
41: [46, 40, 42, 34, 30, 51]
42: [35, 97, 77, 64]
43: [17, 26, 16, 14, 42]
44: [19, 9, 0, 57, 29, 33, 77]
45: [14, 35, 80]
46: [63, 7, 14, 95, 72, 92, 17, 4, 49]
47: [34, 28, 49, 83]
48: [45, 75, 23, 51, 82]
49: [46, 88, 33, 41, 56, 86, 40]
50: [91, 0, 87, 85, 2, 6, 65, 36, 56, 39]
51: [50, 87]
52: [79, 17, 28, 83, 70, 71]
53: [44, 64, 92, 79, 13, 19, 81, 11, 40]
54: [99, 68, 83, 94, 60, 26, 41, 19, 31, 14]
55: [62, 14]
56: [98, 68, 24, 73, 97, 7, 25, 53, 14]
57: [95, 13, 63, 78, 52, 28, 19]
58: [3, 51, 72, 79]
59: [4, 79, 17, 31, 26, 75, 3, 58]
60: [86, 93]
61: [11, 50, 57, 8]
62: [98, 66, 53, 35, 27, 84, 43, 94]
63: [93, 65, 9, 62, 27, 40]
64: [22, 50, 11, 73]
65: [60]
66: [82, 18, 80, 70]
67: [19, 95, 16, 46, 60, 80, 10]
68: [76]
69: [2, 68, 12, 23]
70: [12, 99, 20, 2, 62, 73, 82]
71: [33, 54, 44, 99, 59, 98, 85, 11, 39, 30]
72: [50, 82, 98, 94]
73: [55, 92, 20, 62, 23, 84, 16, 4, 35]
74: [17, 66, 40, 29, 68, 80]
75: [36, 62, 42, 93, 43, 31, 22, 76, 28]
76: [25, 79, 22, 95, 86, 62, 2, 37, 90, 31]
77: [25, 18, 21, 14, 88, 59, 39, 86, 62, 87]
78: [53, 34]
79: [3, 72, 40, 5, 30, 74, 61, 15]
80: [74, 12, 58, 41, 3]
81: [43, 79, 18, 1, 70]
82: [34, 54, 65, 1]
83: [55, 61, 4, 50, 92, 1, 35]
84: [43, 89, 90, 36, 7, 40]
85: [81, 40, 5]
86: [0, 81, 23, 11, 30, 14]
87: [9, 64]
88: [86, 74, 91, 19, 5, 52, 58, 87]
89: [20, 7, 69, 19, 92, 76, 99]
90: [67, 40, 25, 99, 48]
91: [59, 88, 0]
92: [37, 50, 87, 55, 13, 24]
93: [57, 60, 51]
94: [31, 81, 5, 21, 19, 16, 78, 11]
95: [85, 34, 53, 20, 28, 2, 93]
96: [53]
97: [88, 76, 36, 7, 94]
98: [72, 8, 58, 93, 44, 81, 83, 41, 33]
99: [40, 85, 60, 17]
