0: [25, 58, 6, 35, 47, 70, 26, 12, 73]
1: [21, 60]
2: [81, 57, 18, 82, 96]
3: [62, 64, 14, 58, 48, 0, 56]
4: [48, 54, 60, 97, 2]
5: [56, 88, 89]
6: [89]
7: [76, 40, 85, 86, 89, 79]
8: [52, 80, 60, 39, 77, 75]
9: [94]
10: [13, 0, 96, 42, 78, 25, 89, 61, 75, 70]
11: [9, 55, 52, 14]
12: [49, 3, 25, 9, 34, 61, 67]
13: [32, 62, 6, 51]
14: [48, 53, 65, 3, 46, 97]
15: [6, 94]
16: [58, 46, 94]
17: [52, 50, 78, 33, 21, 73, 14, 65, 5, 94]
18: [87, 36]
19: [91, 32, 76, 24, 12, 67, 82, 96]
20: [54, 70, 13, 83, 36, 85, 40, 92, 35, 57]
21: [2]
22: [24]
23: [43, 32, 63, 56, 75, 52, 16]
24: [43, 63, 2]
25: [10]
26: [40, 88, 52, 87, 67, 60]
27: [51, 31, 2]
28: [41, 81, 49, 59, 34, 40]
29: [57]
30: [21, 37, 73, 53, 8]
31: [40, 68, 64, 6, 47, 69, 91, 90, 65, 35]
32: [30, 64, 15, 54, 89, 65, 39]
33: [70, 31, 14, 91]
34: [82, 19, 91, 45, 63]
35: [17, 66]
36: [15, 77, 95, 37, 6, 54, 65]
37: [7, 45]
38: [47, 66, 64, 55, 12, 73, 50]
39: [43, 73, 56, 20, 64]
40: [70, 74, 85, 67, 31]
41: [11, 17, 69, 30, 93, 28, 55, 8]
42: [7, 2, 6, 38]
43: [51, 25]
44: [90, 98]
45: [76, 14]
46: [71, 72, 74, 61, 38, 92, 23]
47: [74, 41, 8, 54, 33, 14, 20]
48: [35, 39]
49: [77, 85]
50: [8, 13, 88, 70, 69, 43, 98, 63, 94, 87]
51: [39, 97, 36, 28, 16, 98, 90, 30]
52: [15, 42, 75, 64]
53: [41, 83, 99, 10, 91]
54: [94, 30]
55: [72, 27, 88, 97, 15, 3, 93, 83]
56: [37, 3, 15, 58, 67, 59, 97]
57: [44, 37]
58: [15, 32]
59: [72]
60: [1, 95]
61: [33, 10, 4, 51, 46, 88]
62: [6, 40, 60, 57, 71, 70, 56, 13, 97, 44]
63: [37, 76, 33, 56, 13, 48, 40, 94, 72]
64: [35, 68, 66, 29, 46, 47, 36, 10]
65: [61, 41, 46, 32, 70]
66: [44, 36, 54, 18, 13, 6]
67: [97, 41]
68: [37, 10]
69: [38, 78]
70: [62, 93, 15, 55]
71: [62, 23, 55, 87]
72: [87, 7, 28, 93, 73]
73: [15, 21, 9, 28, 13, 40, 67]
74: [46, 88, 92, 75, 43, 62, 12, 40]
75: [12, 21, 25, 5, 18, 32, 17, 70, 49]
76: [1, 12, 26, 52, 81, 72, 58, 62]
77: [41, 97, 74, 25, 65]
78: [35, 51, 73, 31, 28, 43]
79: [81, 23, 46, 4]
80: [52, 94, 5, 17, 95, 7]
81: [40, 32]
82: [38, 55, 89]
83: [82, 56, 90, 98]
84: [99, 35, 49, 60, 78, 21]
85: [59, 89, 57, 3, 36, 7, 93, 49, 80]
86: [39, 65, 94, 93, 68]
87: [96, 4, 84]
88: [76, 85, 69, 7, 31, 74, 54, 26]
89: [93, 11, 8, 20, 9, 42, 65, 47]
90: [96, 87, 4, 26, 32, 67, 49, 34]
91: [90, 48, 80, 82, 2, 44, 23, 34]
92: [14, 59, 84, 65, 12, 4, 56, 0, 19]
93: [98, 64, 0, 36]
94: [7, 3, 45, 53, 34, 82, 1, 95, 92]
95: [78, 30, 97, 4, 5]
96: [21, 2, 46, 1, 34, 84, 19, 67, 18]
97: [65, 61, 31, 41, 69, 11, 14, 44, 18, 23]
98: [48, 45, 65, 61, 29, 19]
99: [28, 50]
